# timestamp tx ty tz qx qy qz qw
1311868164.363181 -0.0 0.0 0.0 0.0 0.0 -0.0 1.0
1311868164.663105 0.02113663 0.01352419 -0.02625178 -0.00119547 0.00279857 -0.0155008 0.99987522
1311868164.963119 0.07526681 0.01831546 -0.05272741 0.01841614 0.00089954 -0.02123932 0.99960439
1311868165.263005 0.16420026 0.02396282 -0.08439727 0.01966535 -0.02435114 -0.03577828 0.99886947
1311868165.5630538 0.24986604 0.05308672 -0.10609195 -0.00229938 -0.04552921 -0.03516763 0.99834114
1311868165.86322 0.28921748 0.07765439 -0.14574567 -0.00141428 -0.0275371 -0.03886771 0.99886386
1311868166.1631892 0.29105839 0.11541143 -0.20546999 -0.01608604 -0.003199 -0.02893602 0.9994467
1311868166.463018 0.31529594 0.16143556 -0.26869705 -0.04928275 0.00940678 -0.02518947 0.99842286
1311868166.763333 0.35863313 0.17033656 -0.30190183 -0.04621217 0.01193273 -0.0225542 0.9986057
1311868167.063209 0.45608022 0.18213933 -0.32121128 -0.0323169 -0.01610167 -0.04054895 0.99852498
1311868167.399226 0.5708254 0.19411929 -0.31671976 -0.02187931 -0.0544421 -0.06244348 0.99632232
1311868167.699226 0.6311337 0.20217005 -0.31558234 -0.0196997 -0.06871142 -0.06387376 0.9953948
1311868168.063183 0.67076395 0.20153857 -0.27277175 -0.0169378 -0.07220943 -0.05513479 0.99572037
1311868168.39936 0.67466643 0.19142178 -0.19284663 -0.00931712 -0.07743313 -0.0673738 0.99467486
1311868168.799362 0.66122252 0.18548845 -0.11182748 0.02273709 -0.08734366 -0.0681867 0.99358175
1311868169.131247 0.67853623 0.17680236 -0.03015955 0.0551716 -0.11926378 -0.09017 0.98721913
1311868169.463229 0.69811747 0.14899978 0.04723722 0.0971462 -0.1744167 -0.13296578 0.97080458
1311868169.763417 0.74515548 0.10149951 0.10156216 0.12596913 -0.21190933 -0.16343282 0.955257
1311868170.063469 0.79006537 0.07258742 0.11341871 0.13295428 -0.22051713 -0.15051076 0.95448513
1311868170.3634 0.848713 0.07434042 0.08384074 0.13497728 -0.22660098 -0.14489953 0.9536442
1311868170.66343 0.90605757 0.10884897 0.04534586 0.12533422 -0.22835322 -0.15809437 0.95244544
1311868170.96344 0.96118057 0.1087735 0.02485794 0.11445408 -0.2300803 -0.15835431 0.95335577
1311868171.263404 1.017084 0.12564377 0.01775366 0.11418119 -0.24268632 -0.16802997 0.94859472
1311868171.59949 1.09350187 0.13763861 0.04201623 0.11468577 -0.26153553 -0.19778002 0.93772565
1311868171.931516 1.18220632 0.14291315 0.08111101 0.09839602 -0.27053539 -0.21863008 0.93237852
1311868172.2995439 1.25584009 0.15370671 0.13059177 0.07781779 -0.27100384 -0.22779331 0.9319933
1311868172.699619 1.24452734 0.14780322 0.18398139 0.0410401 -0.24070854 -0.24162721 0.93914397
1311868173.099605 1.23962599 0.1392615 0.3011435 0.01498603 -0.22012447 -0.24943303 0.94292301
1311868173.399596 1.23069217 0.11831967 0.35144225 0.02715775 -0.21765458 -0.25178717 0.94259862
1311868173.767623 1.2419379 0.09782141 0.40947062 0.03608377 -0.23018346 -0.25116253 0.93948439
1311868174.099508 1.26847532 0.06567227 0.44656526 0.06746011 -0.26893337 -0.29039367 0.91585779
1311868174.4317858 1.31357589 0.03130998 0.47940662 0.0811221 -0.28575494 -0.30937067 0.90335658
1311868174.731625 1.32493327 0.00163158 0.51171328 0.08482103 -0.30658085 -0.30624668 0.89723271
1311868175.031665 1.30875783 -0.024439 0.53002769 0.120401 -0.3100378 -0.29250968 0.89655912
1311868175.331887 1.27708362 0.0049181 0.57588016 0.12967472 -0.31054032 -0.30275345 0.89167793
1311868175.631778 1.33260453 -0.03947246 0.54994868 0.13291847 -0.32976656 -0.30469754 0.88359839
1311868175.931644 1.35749827 -0.12654076 0.56316264 0.14515943 -0.35683988 -0.31312893 0.8680693
1311868176.231937 1.40801854 -0.18799908 0.60638158 0.14169683 -0.39029793 -0.35003289 0.83968239
1311868176.531915 1.46433696 -0.23786407 0.67728549 0.11264455 -0.39493073 -0.37129347 0.83275572
1311868176.831887 1.48558517 -0.27597978 0.71872071 0.09810359 -0.39751242 -0.37937149 0.82972094
1311868177.1318948 1.47672661 -0.28542272 0.77562465 0.09790343 -0.39118951 -0.3889208 0.82832741
1311868177.431827 1.43760991 -0.33282682 0.83332906 0.10367597 -0.38225692 -0.40221511 0.82544167
1311868177.731996 1.43613045 -0.3595268 0.89142111 0.08528129 -0.37400112 -0.41218728 0.82640904
1311868178.0319881 1.46886994 -0.38176429 0.93737447 0.07185573 -0.4042925 -0.43385794 0.80196734
1311868178.33218 1.51334198 -0.40307207 0.98419277 0.07627445 -0.42246343 -0.46096552 0.77667087
1311868178.63203 1.56409688 -0.42254418 0.99647634 0.04738446 -0.44418463 -0.46308555 0.76551062
1311868178.932267 1.64048578 -0.42678889 0.9688228 0.03477911 -0.44987396 -0.46167651 0.76371371
1311868179.2320108 1.73503703 -0.41827075 0.92846605 0.03317925 -0.44330898 -0.4652393 0.76545978
1311868179.532184 1.81779211 -0.41727361 0.90991229 0.01449764 -0.42088051 -0.46575974 0.77827841
1311868179.832089 1.88851108 -0.42221416 0.90647657 0.00773885 -0.40631004 -0.46883865 0.78424651
1311868180.131924 1.94552361 -0.46139636 0.91896868 -0.00117146 -0.41887452 -0.48272402 0.76910356
1311868180.432 2.00332341 -0.47995642 0.93425401 -0.01864435 -0.4279681 -0.48880133 0.75997957
1311868180.73209 2.0412774 -0.4992787 0.94712603 -0.03139746 -0.42874033 -0.49424234 0.75559278
1311868181.032168 2.06246464 -0.52883373 0.95969496 -0.02325323 -0.42279923 -0.48627273 0.76435524
1311868181.332051 2.05360171 -0.54239139 0.97519191 -0.01900548 -0.41145914 -0.48663986 0.77040367
1311868181.6324348 2.01742786 -0.54345727 1.00286099 -0.0155228 -0.40262471 -0.48847341 0.77398069
1311868181.9320679 1.9462246 -0.53449162 1.04144988 -0.00463515 -0.39857934 -0.48095988 0.78089091
1311868182.236167 1.85523523 -0.52448732 1.08554519 0.0087355 -0.39924668 -0.47080833 0.78667992
1311868182.5361269 1.78835565 -0.52659924 1.13989364 0.02250697 -0.40165494 -0.46059239 0.79121514
1311868182.8361552 1.70658947 -0.55702095 1.18685862 0.05451136 -0.44158741 -0.45746998 0.76990278
1311868183.1361759 1.59927834 -0.60906457 1.24177137 0.07797488 -0.47837898 -0.48480093 0.72803951
1311868183.436153 1.50663328 -0.66774567 1.27202961 0.09290861 -0.50655331 -0.51687795 0.68381936
1311868183.736414 1.41907279 -0.69490221 1.30225588 0.05449441 -0.53307828 -0.51071602 0.67232957
1311868184.036316 1.31603624 -0.71928506 1.30911054 0.06951863 -0.52482042 -0.5178204 0.67200648
1311868184.336293 1.24072348 -0.7452362 1.33224218 0.08435277 -0.52675658 -0.50242532 0.68042701
1311868184.63635 1.16449418 -0.7802888 1.3705325 0.08191124 -0.54914391 -0.49912092 0.66528928
1311868184.936308 1.08008311 -0.85569456 1.40157486 0.09024244 -0.58683711 -0.51060173 0.62190383
1311868185.23639 0.99791659 -0.89811513 1.43269531 -0.09187662 0.60411003 0.52141026 -0.59560146
1311868185.5364141 0.92881769 -0.9254842 1.46565572 -0.11540919 0.61072381 0.50356448 -0.60009996
1311868185.836824 0.87445515 -0.93807907 1.48371327 -0.13196378 0.61886286 0.48085233 -0.60693933
1311868186.136633 0.81173332 -0.96220916 1.5193381 -0.11041934 0.62952712 0.50268164 -0.58207761
1311868186.436523 0.85397251 -0.86998349 1.50568122 -0.11167023 0.63189568 0.5217753 -0.56212824
1311868186.7367198 0.87965545 -0.89962853 1.53160848 -0.09093798 0.63963493 0.535971 -0.54344506
1311868187.036707 0.9577495 -0.91384907 1.54237933 -0.08361448 0.63980871 0.54196963 -0.53844438
1311868187.336611 1.03756585 -0.92460899 1.54591563 -0.07133688 0.61891524 0.55806925 -0.54810006
1311868187.636477 1.0884724 -0.96326797 1.5645638 -0.07458684 0.59903161 0.56379309 -0.56368013
1311868187.936595 1.11848643 -1.00516399 1.60328772 -0.07059074 0.60528662 0.57049876 -0.55061441
1311868188.2365289 1.13423848 -1.07038746 1.68509358 -0.04704301 0.61944582 0.58889627 -0.51698646
1311868188.537539 1.15649015 -1.10210097 1.74310208 -0.02799513 0.60444109 0.62206302 -0.4968952
1311868188.8365211 1.22676702 -1.13790169 1.76474878 -0.0037873 0.59864658 0.63137246 -0.49292671
1311868189.1366198 1.32707112 -1.15906408 1.77395761 0.02449553 0.58298853 0.63888508 -0.50134838
1311868189.436651 1.42305584 -1.18773439 1.77485422 0.02125593 0.55727943 0.6553352 -0.50943458
1311868189.736593 1.4772975 -1.21440989 1.77745102 0.03042409 0.54390434 0.66321437 -0.51321452
1311868190.0367448 1.51092496 -1.27417858 1.81752112 0.02230197 0.53278279 0.66235477 -0.5262426
1311868190.336668 1.5440487 -1.34565293 1.8501696 0.01427181 0.53040863 0.65875719 -0.53338726
1311868190.636584 1.56918582 -1.4051336 1.87522084 0.00676465 0.5255556 0.65541517 -0.5423804
1311868190.936594 1.58496642 -1.43501659 1.88755273 0.00774744 0.52981593 0.65132765 -0.54314578
1311868191.236855 1.58882625 -1.45187714 1.91026305 0.01057215 0.524677 0.65541659 -0.54316791
1311868191.536752 1.59120398 -1.47481514 1.91600076 0.00098979 0.52886797 0.65341767 -0.54161152
1311868191.83674 1.58022351 -1.48323722 1.92112028 -0.00434194 0.52468229 0.65217327 -0.5471377
1311868192.139401 1.5527859 -1.47602071 1.92747906 -0.00861388 0.51956076 0.65049368 -0.55393176
1311868192.438459 1.50921387 -1.45995864 1.92556371 -0.01858501 0.51841203 0.64550322 -0.56056147
1311868192.739392 1.45958939 -1.43345 1.91318634 -0.02333236 0.52823276 0.63691039 -0.56104448
1311868193.03808 1.42029834 -1.41998122 1.90117106 -0.02558469 0.54367154 0.63196486 -0.55171288
1311868193.340807 1.38554425 -1.41742172 1.89628261 -0.01136199 0.56223597 0.63993725 -0.52368114
1311868193.6402972 1.35471641 -1.43033681 1.88741566 -0.03269825 0.57938045 0.64984594 -0.49086594
1311868193.938105 1.33271857 -1.44693975 1.87833283 -0.05119681 0.59716188 0.6389193 -0.48224341
1311868194.243018 1.32697755 -1.45766963 1.86464353 -0.04829359 0.59868342 0.64292176 -0.47528677
1311868194.5383599 1.30908864 -1.47150797 1.84591001 -0.05872117 0.60766266 0.63075579 -0.47900423
1311868194.842311 1.30872767 -1.48040306 1.83129366 -0.05771878 0.61874708 0.62157675 -0.47693075
1311868195.139745 1.30707975 -1.51410788 1.84399551 -0.0660453 0.62429076 0.61240963 -0.48047217
1311868195.441781 1.31572264 -1.5607744 1.87612706 -0.07837714 0.62124817 0.60955337 -0.4861609
1311868195.7372901 1.33810111 -1.59415351 1.92648571 -0.08289717 0.6038567 0.61999156 -0.49406033
1311868196.0369241 1.38301337 -1.6196598 1.95933209 -0.08302486 0.58727909 0.61865377 -0.51524524
1311868196.337126 1.43741315 -1.63445939 1.97835858 -0.07472482 0.56784961 0.61579375 -0.54107401
1311868196.637007 1.48975762 -1.64944477 1.99802847 -0.0481026 0.54944829 0.61205317 -0.56673065
1311868196.936988 1.51922103 -1.68696523 2.02811654 -0.04900644 0.53314822 0.60859257 -0.58563336
1311868197.237163 1.53597164 -1.74127869 2.07139266 -0.05141132 0.53372675 0.62582853 -0.56641971
1311868197.536977 1.54274517 -1.80505947 2.11993756 -0.04538798 0.53338945 0.65140845 -0.53768268
1311868197.837217 1.54657603 -1.84676694 2.17212634 -0.03102329 0.52761207 0.66046956 -0.53333199
1311868198.1372118 1.54090456 -1.8714826 2.20712339 -0.02574568 0.51820336 0.66255953 -0.54020117
1311868198.437155 1.51470686 -1.88783903 2.23359697 -0.021991 0.51350812 0.65982637 -0.54813773
1311868198.7371778 1.47752558 -1.89448905 2.24919955 -0.02840368 0.51160858 0.66735362 -0.54045263
1311868199.037153 1.43177219 -1.89543151 2.25826294 -0.03151222 0.51688137 0.67599226 -0.52428532
1311868199.337251 1.39626297 -1.89520207 2.2748328 -0.02909273 0.5207658 0.67666763 -0.51968982
1311868199.637203 1.36981819 -1.89443307 2.28351504 -0.02175931 0.53113593 0.67895833 -0.50639584
1311868199.937209 1.33478573 -1.90972805 2.30389464 -0.02093212 0.54464616 0.69294302 -0.4719665
1311868200.237169 1.31135591 -1.95539812 2.32016233 -0.02788669 0.55202928 0.70542376 -0.44369283
1311868200.53724 1.28705315 -2.0142232 2.35003337 -0.0209354 0.55159223 0.71995406 -0.42068263
1311868200.837445 1.27763967 -2.06845621 2.38209579 -0.01953612 0.55305834 0.72204237 -0.41521034
1311868201.13746 1.25968387 -2.09506062 2.40439543 -0.01396277 0.55939219 0.71968657 -0.41101905
1311868201.4374142 1.23795748 -2.11117799 2.41688087 -0.01382191 0.56022428 0.71900852 -0.41107719
1311868201.737412 1.2153898 -2.11940764 2.42287671 -0.01619321 0.56275227 0.71964749 -0.40639286
1311868202.037477 1.18795287 -2.13023842 2.44419242 -0.01776605 0.55837165 0.72884877 -0.3958345
1311868202.337417 1.15726182 -2.1468055 2.46172786 -0.01376377 0.55053862 0.74362624 -0.37912767
1311868202.637392 1.11952578 -2.17500032 2.48351751 -0.02362747 0.54866479 0.74513394 -0.37839674
1311868202.937647 1.07532602 -2.19539165 2.47708175 -0.03717151 0.55876677 0.74067111 -0.37121999
1311868203.2375221 1.05673433 -2.19772194 2.44863808 -0.02219761 0.58395768 0.73333964 -0.34743872
1311868203.573541 1.03013303 -2.18402297 2.46078009 -0.01706789 0.60116437 0.72579685 -0.33395961
1311868203.9376981 0.95551651 -2.18631687 2.42166972 -0.01159107 0.60198641 0.74226433 -0.29414566
1311868204.23766 0.8984582 -2.22032553 2.38880278 -0.01793284 0.61978638 0.73353894 -0.27832332
1311868204.573698 0.8294244 -2.24726769 2.35073478 -0.01288853 0.61347748 0.74831689 -0.25199424
1311868204.90566 0.80318571 -2.28101939 2.32197772 -0.01019465 0.61808621 0.74873347 -0.23929834
1311868205.273577 0.80796773 -2.23592838 2.32734315 -0.01128479 0.62800228 0.74019241 -0.24000205
1311868205.573643 0.78889921 -2.25053671 2.30176 -0.01122977 0.65872005 0.71532916 -0.23295057
1311868205.937758 0.77690836 -2.26885111 2.28128479 -0.02243614 0.67447516 0.69609241 -0.24502088
1311868206.305562 0.75488962 -2.26576546 2.24701181 -0.03917037 0.68898492 0.67485553 -0.26141054
1311868206.673806 0.75165281 -2.23691662 2.27699384 -0.04739341 0.67739465 0.68967884 -0.25146263
1311868207.005651 0.74484721 -2.22832876 2.32385908 -0.04852411 0.67051675 0.70423938 -0.22825335
1311868207.405766 0.71292898 -2.25352092 2.38762041 -0.03936543 0.66776753 0.71596335 -0.19983334
1311868207.70585 0.67767103 -2.26875633 2.44357669 -0.03645411 0.66071123 0.72154418 -0.20372963
1311868208.0057712 0.65534749 -2.27655663 2.49219708 -0.04591427 0.64963141 0.72945879 -0.20919077
1311868208.437928 0.64373624 -2.29880154 2.55785394 -0.05224209 0.63091923 0.74601666 -0.20656917
1311868208.873831 0.61251563 -2.31319052 2.63391278 -0.03715959 0.61361575 0.7592244 -0.21371287
1311868209.305793 0.57708165 -2.27738299 2.68571375 -0.03358106 0.59150103 0.77570743 -0.21743237
1311868209.741975 0.52376209 -2.22984983 2.71621181 -0.01354607 0.58857647 0.77778685 -0.22009511
1311868210.141864 0.49341014 -2.19281346 2.75305724 -0.0256308 0.60044718 0.77046187 -0.21259056
1311868210.505879 0.48240087 -2.17117983 2.76742916 -0.02381504 0.59440611 0.77701924 -0.2058041
1311868210.805942 0.47272712 -2.16060823 2.77932987 -0.01988638 0.60079303 0.77521042 -0.19416765
1311868211.1060061 0.43514059 -2.17363614 2.79454909 -0.0209393 0.60705043 0.77511925 -0.17390077
1311868211.4061189 0.39802718 -2.19046445 2.82638765 -0.02707054 0.60783799 0.77641809 -0.16424102
1311868211.706002 0.34984055 -2.22238772 2.86479968 -0.03218571 0.60993821 0.77687682 -0.1529767
1311868212.005902 0.31109583 -2.25431685 2.89607743 -0.0343954 0.60466396 0.78038986 -0.15553173
1311868212.306028 0.29161986 -2.27401212 2.94407747 -0.03972783 0.60760854 0.77640513 -0.16256884
1311868212.606112 0.24639548 -2.28486935 2.98498637 -0.03735295 0.61794507 0.76565533 -0.17470136
1311868212.9061608 0.21942641 -2.28691627 3.02739636 -0.04319657 0.62923988 0.75435869 -0.18202801
1311868213.206347 0.18397463 -2.2770426 3.05682429 -0.04348015 0.64220613 0.74524337 -0.17404906
1311868213.5063472 0.15896424 -2.26416029 3.07926567 -0.04612437 0.65635177 0.73599977 -0.15930863
1311868213.806247 0.13502092 -2.24348432 3.09626186 -0.04953273 0.6652082 0.72928596 -0.15227133
1311868214.1061869 0.12059997 -2.23072891 3.11595688 -0.04242543 0.68248126 0.71480867 -0.14651956
1311868214.4062269 0.10625854 -2.21379605 3.14883966 -0.02815192 0.69467592 0.70518217 -0.13910768
1311868214.706198 0.08426557 -2.20067763 3.14734702 -0.02912556 0.70173592 0.70272256 -0.11357555
1311868215.006391 0.04543376 -2.20062023 3.14828105 -0.03542493 0.7109905 0.69907778 -0.06728919
1311868215.306401 0.02497821 -2.19871726 3.14746732 -0.0511466 0.71866288 0.6922831 -0.04064223
1311868215.606249 0.01984472 -2.19379578 3.12522157 -0.05253231 0.72516817 0.68607993 -0.02580339
1311868215.9064028 0.01447401 -2.19201061 3.11078901 -0.05013526 0.73866325 0.67220201 0.00274217
1311868216.206326 -0.00473248 -2.19568277 3.07022795 -0.03941918 0.74619959 0.66452703 0.00601034
1311868216.506418 -0.01419731 -2.19232088 3.04917995 -0.0376898 0.75347932 0.65634618 0.0076215
1311868216.806393 -0.02821474 -2.19535909 3.02051078 -0.02712355 0.76620559 0.64199924 0.0055031
1311868217.106679 -0.03609617 -2.20274185 2.99534107 -0.03631398 0.7689629 0.63826009 -0.00118389
1311868217.406701 -0.03646289 -2.22270585 2.98223693 -0.04241494 0.78542833 0.61744392 -0.00814327
1311868217.706372 -0.03359453 -2.21575768 2.97723344 -0.0446972 0.78329053 0.61998048 -0.00907288
1311868218.006398 -0.01586254 -2.18768696 2.98137284 -0.05175172 0.78819521 0.61310393 -0.01317709
1311868218.30651 -0.01240584 -2.1776079 2.99554984 -0.04408306 0.79017372 0.61128635 -0.00334382
1311868218.610383 -0.03326539 -2.1589768 3.02109376 -0.03581066 0.79025007 0.61167295 -0.00886738
1311868218.910344 -0.05979299 -2.16540731 3.05954244 -0.03918287 0.79483221 0.60540413 0.01386747
1311868219.210391 -0.09516278 -2.13404679 3.09967466 -0.04948181 0.79132776 0.60895966 0.02280487
1311868219.510471 -0.11373093 -2.09390418 3.16480366 -0.03524485 0.78199654 0.62160192 0.02915946
1311868219.810409 -0.12193533 -2.05833233 3.20916038 -0.01750673 0.7720005 0.63399137 0.04199633
1311868220.110558 -0.12071826 -2.02608513 3.2664498 -0.00463925 0.76801694 0.63799571 0.05558708
1311868220.410461 -0.11861851 -2.0115372 3.32042457 -0.00527125 0.7552583 0.65209278 0.06581877
1311868220.710604 -0.11952007 -2.00189481 3.35827181 -0.01346796 0.73440085 0.67501821 0.06945812
1311868221.010492 -0.13074768 -2.00181481 3.40230736 -0.01297465 0.72741924 0.68256448 0.06927213
1311868221.311415 -0.13987683 -2.00012436 3.44024085 -0.01723096 0.73036769 0.67909766 0.0713618
1311868221.610738 -0.14690669 -2.00811159 3.46141035 -0.02199182 0.73229158 0.67701353 0.07012909
1311868221.910793 -0.15964724 -2.01430585 3.46827953 -0.01828651 0.73285585 0.67786824 0.05552083
1311868222.210798 -0.16600423 -2.01338425 3.47715184 -0.02261757 0.73708995 0.67381913 0.04641793
1311868222.510786 -0.19897954 -2.0023688 3.48371229 -0.01968 0.73792803 0.67317685 0.04367894
1311868222.8108802 -0.22240195 -1.98754654 3.49107091 -0.02517608 0.73575735 0.67342736 0.06725231
1311868223.1109211 -0.24662605 -1.98117985 3.48791382 -0.02931005 0.73646504 0.67128444 0.07834134
1311868223.410819 -0.27030086 -1.97095107 3.4869729 -0.02994169 0.73767856 0.66865712 0.08849575
1311868223.710948 -0.28167199 -1.96378694 3.50557664 -0.02556835 0.74736481 0.65820981 0.08690188
1311868224.010808 -0.29263075 -1.9624439 3.51117414 -0.01611017 0.74836384 0.65769932 0.08440158
1311868224.311516 -0.32463744 -1.96139733 3.52377399 -0.02182213 0.75453984 0.64863648 0.09728387
1311868224.611208 -0.36393894 -1.97127744 3.52999302 -0.03257518 0.75753138 0.64227132 0.11212768
1311868224.912106 -0.40784257 -1.97446382 3.54666748 -0.04078692 0.759461 0.63925498 0.1136155
1311868225.211565 -0.45126283 -1.98898649 3.55911741 -0.04396179 0.76548178 0.63056961 0.12036183
1311868225.510884 -0.47865312 -1.99448451 3.58222885 -0.04844939 0.76546898 0.62912131 0.1261597
1311868225.810874 -0.51752136 -2.00506018 3.58745296 -0.04278199 0.76308672 0.62943724 0.14027516
1311868226.115058 -0.54302258 -2.00797818 3.59262862 -0.04510655 0.76198056 0.62818048 0.15079893
1311868226.41102 -0.58144704 -2.01223318 3.59071071 -0.04809772 0.76637072 0.62515119 0.13981605
1311868226.711126 -0.62334413 -1.99916378 3.56773212 -0.04874216 0.7697255 0.62251396 0.1327525
1311868227.010946 -0.60441714 -1.99574023 3.55598092 -0.05016588 0.77683684 0.61392354 0.13078908
1311868227.311677 -0.64758822 -1.98940893 3.50588613 -0.04893613 0.78166779 0.60588085 0.13967504
1311868227.6108902 -0.68567811 -1.97612306 3.47370779 -0.0437819 0.78475896 0.59829454 0.15582095
1311868227.912471 -0.72206117 -1.96383918 3.46199126 -0.04460354 0.78003834 0.59299757 0.19469102
1311868228.214746 -0.77142732 -1.97492904 3.45541547 -0.05106879 0.77263611 0.58758481 0.23488192
1311868228.515154 -0.83973146 -1.99496159 3.448894 -0.05190816 0.76810962 0.58396775 0.25747781
1311868228.815012 -0.89455538 -2.01880494 3.45356518 -0.07003703 0.76601833 0.57848138 0.27142221
1311868229.115479 -0.93597416 -2.02969119 3.44288219 -0.06692376 0.7701429 0.57836896 0.260558
1311868229.4131482 -0.94731668 -2.02288214 3.40432272 -0.06553709 0.76567449 0.58548291 0.25818063
1311868229.712459 -0.93364362 -1.9994423 3.33954204 -0.07428579 0.76379877 0.58606857 0.2600321
1311868230.01249 -0.91327508 -1.98542098 3.27276304 -0.06749827 0.77059536 0.57700461 0.26209244
1311868230.312518 -0.90266805 -1.96397671 3.22190832 -0.07515502 0.7833142 0.56272468 0.25320253
1311868230.613609 -0.89367862 -1.95303613 3.13781479 -0.05123423 0.77590163 0.58280354 0.235991
1311868230.912835 -0.90274455 -1.93792743 3.08596558 -0.06061531 0.7907613 0.55671455 0.24716647
1311868231.215427 -0.91026527 -1.93500877 3.03920514 -0.09396662 0.79431889 0.54253047 0.25668746
1311868231.5142221 -0.89098729 -1.93140482 2.97699896 -0.11982369 0.77699152 0.56316038 0.25451297
1311868231.811225 -0.85111798 -1.92852525 2.93141841 -0.13134329 0.78009025 0.55550271 0.25617355
1311868232.111198 -0.80461709 -1.93652643 2.89670528 -0.13759871 0.774547 0.5571716 0.26590104
1311868232.411402 -0.75809705 -1.93676675 2.85678763 -0.1334668 0.77414374 0.56035816 0.26246299
1311868232.711301 -0.71634174 -1.94997539 2.83732325 -0.12582205 0.78521157 0.55281242 0.24901812
1311868233.011303 -0.68875108 -1.96193285 2.83360771 -0.1253526 0.79343001 0.53599275 0.25974471
1311868233.3113961 -0.68991759 -1.96231674 2.84617989 -0.11597003 0.79898213 0.52329614 0.27265299
1311868233.6114528 -0.73565457 -1.95769621 2.86028163 -0.11114281 0.79579828 0.52012649 0.28951824
1311868233.911537 -0.80495112 -1.94702384 2.86830352 -0.11177285 0.78993356 0.52049108 0.30430385
1311868234.211483 -0.87266689 -1.97062501 2.87175657 -0.1223932 0.79206058 0.51138184 0.3100783
1311868234.511642 -0.95191892 -1.99583842 2.89743849 -0.13412526 0.79014696 0.49508565 0.33551213
1311868234.8117108 -1.03044937 -2.00399745 2.91972381 -0.13890527 0.78654378 0.49746593 0.33849941
1311868235.111629 -1.10039287 -1.99959119 2.9272991 -0.14126047 0.77952899 0.50483509 0.34281417
1311868235.411537 -1.1660158 -1.9939488 2.92750565 -0.13128655 0.77963283 0.51169451 0.33631119
1311868235.7115679 -1.21734931 -1.97822247 2.92291146 -0.13645177 0.79033929 0.50360892 0.32112735
1311868236.011678 -1.26337794 -1.94627157 2.91089141 -0.1309178 0.78438081 0.50693933 0.33259554
1311868236.3115802 -1.30207126 -1.9189157 2.88664844 -0.12499379 0.76898023 0.51588463 0.35624291
1311868236.611596 -1.33142308 -1.89204108 2.85222855 -0.12564471 0.76337488 0.51548388 0.36844072
1311868236.911822 -1.36374755 -1.87410699 2.84432447 -0.11440923 0.75884928 0.51011408 0.38838372
1311868237.2117472 -1.40848327 -1.85338559 2.83324605 -0.0950789 0.75151167 0.51578796 0.4001912
1311868237.5116632 -1.48998806 -1.83618872 2.79928995 -0.09618958 0.74191848 0.50979633 0.42474962
1311868237.811811 -1.57375718 -1.83514343 2.76390247 -0.11697456 0.72516937 0.50115071 0.45748694
1311868238.11167 -1.66543 -1.82890671 2.72307694 -0.11013572 0.71042696 0.50988904 0.47241595
1311868238.411808 -1.71948676 -1.80863847 2.6934678 -0.1108837 0.70529696 0.50958132 0.48019567
1311868238.7118108 -1.76154738 -1.77604548 2.66828137 -0.10875754 0.70545379 0.50808649 0.48203203
1311868239.0118132 -1.78153854 -1.7422946 2.63314963 -0.10582796 0.70194614 0.52242355 0.47238299
1311868239.311701 -1.79661046 -1.72013382 2.60375257 -0.10455518 0.69429817 0.50699526 0.49997408
1311868239.6119359 -1.8137733 -1.68006124 2.57877986 -0.10013895 0.67920664 0.50811093 0.52007096
1311868239.912048 -1.84524109 -1.64721694 2.55128945 -0.10234533 0.6591122 0.50377067 0.54891862
1311868240.21187 -1.92299846 -1.6150361 2.49798958 -0.10603138 0.64424709 0.49395409 0.57420588
1311868240.512225 -1.99486779 -1.61388431 2.46207939 -0.1346776 0.63659327 0.48108036 0.58751395
1311868240.8118632 -2.04859153 -1.60006149 2.46076881 -0.13009485 0.632179 0.48506389 0.59003226
1311868241.148015 -2.06355127 -1.59036709 2.42709766 -0.13348127 0.63648796 0.48931807 0.58106252
1311868241.44781 -2.04755836 -1.5847051 2.37638499 -0.11971357 0.64200794 0.48009478 0.58566497
1311868241.779865 -2.01377311 -1.57542344 2.33092973 -0.094963 0.64478534 0.47117344 0.59433112
1311868242.080011 -1.99918005 -1.56432317 2.2767078 -0.09917153 0.63758806 0.43735411 0.62639273
1311868242.379943 -2.0122981 -1.55537544 2.23616889 -0.09839117 0.62309921 0.41904717 0.65304366
1311868242.747909 -2.01941274 -1.51444669 2.19409899 -0.08572489 0.60516558 0.39738753 0.68447719
1311868243.111904 -2.04229651 -1.48977933 2.1867586 -0.07162092 0.62987276 0.39170157 0.66685878
1311868243.4482038 -2.05332041 -1.46643775 2.14505427 -0.07398917 0.62608503 0.37298314 0.68075452
1311868243.77997 -2.0971505 -1.41858162 2.08263099 -0.09676281 0.5974876 0.35129663 0.7143082
1311868244.080141 -2.13165288 -1.38144831 2.03653739 -0.10138016 0.57144491 0.34800371 0.73625145
1311868244.44822 -2.17608608 -1.29945779 1.98665413 -0.1006209 0.55282696 0.33139165 0.75791646
1311868244.780046 -2.20470576 -1.24681947 1.94408309 -0.10003336 0.55480279 0.33524392 0.75485012
1311868245.080152 -2.19900233 -1.18685889 1.92316355 -0.11642913 0.56710637 0.33644571 0.74272397
1311868245.380074 -2.18298932 -1.14267833 1.87377865 -0.10118049 0.56333198 0.32511565 0.75280768
1311868245.68025 -2.16985897 -1.09217704 1.82994209 -0.08862437 0.55571892 0.32218614 0.76126099
1311868245.9802651 -2.17645164 -1.04160449 1.79492333 -0.08618003 0.54414685 0.33962633 0.76231959
1311868246.280157 -2.20005326 -1.00840806 1.75754412 -0.10939223 0.52995159 0.33515133 0.77127053
1311868246.5801609 -2.26618085 -0.97962654 1.72519324 -0.11957919 0.53119409 0.33429054 0.76927466
1311868246.880261 -2.32973493 -0.95396653 1.69059296 -0.1241688 0.54091955 0.33997387 0.75921401
1311868247.180293 -2.33736249 -0.94223497 1.66661699 -0.12048022 0.55385331 0.34511112 0.74808378
1311868247.480433 -2.30432509 -0.9259404 1.65552424 -0.11582802 0.55862039 0.33480464 0.74995532
1311868247.780427 -2.25763512 -0.88731568 1.65497864 -0.09100956 0.56339804 0.31909493 0.75662298
1311868248.080326 -2.18626397 -0.86240027 1.66135288 -0.07609672 0.57517778 0.29853944 0.7577955
1311868248.380451 -2.12123891 -0.83237482 1.67450798 -0.06768515 0.5720534 0.28796119 0.76501763
1311868248.680356 -2.05078726 -0.80067294 1.67927348 -0.07399991 0.56937966 0.26030371 0.77625563
1311868248.980371 -1.99815907 -0.76417059 1.68854877 -0.07339311 0.57445482 0.246496 0.77708097
1311868249.280715 -1.95121831 -0.7476354 1.68004996 -0.07167734 0.59886074 0.23447452 0.76239745
1311868249.580331 -1.90607458 -0.70873967 1.69216701 -0.04039536 0.61724201 0.20471191 0.75859973
1311868249.880507 -1.82392336 -0.68414803 1.69153704 -0.01685961 0.62176532 0.19010697 0.75959396
1311868250.180457 -1.74894937 -0.65311848 1.69045608 0.02050445 0.63198229 0.15973729 0.75806461
1311868250.48045 -1.67976023 -0.63833936 1.69104079 0.05342467 0.62411556 0.13868202 0.76706771
1311868250.780601 -1.64462534 -0.63739132 1.68688364 0.07666552 0.61428955 0.12199241 0.7758148
1311868251.080543 -1.65020802 -0.65020251 1.68642566 0.08174801 0.61144672 0.09711466 0.78103707
1311868251.3808 -1.65376522 -0.63627398 1.66969973 0.06892439 0.61684375 0.09870033 0.77782483
1311868251.681056 -1.66971413 -0.6007374 1.63173729 0.06946118 0.61269906 0.10412835 0.78034114
1311868251.980523 -1.69387913 -0.56432952 1.57590274 0.05667893 0.6131049 0.09849502 0.78178553
1311868252.280693 -1.72586049 -0.51216084 1.50198048 0.0479234 0.61204652 0.07212513 0.78606639
1311868252.5807471 -1.75051556 -0.45290756 1.42942937 0.03317635 0.6000024 0.07165036 0.79609213
1311868252.8806632 -1.75721625 -0.40033814 1.36995759 0.02268796 0.59937624 0.08579827 0.79553255
1311868253.181948 -1.74742502 -0.36628011 1.32027636 0.02448456 0.60170017 0.09768993 0.7923472
1311868253.4808528 -1.71711442 -0.33935932 1.26961168 0.017289 0.61212513 0.1003411 0.78417828
1311868253.780775 -1.67984518 -0.31377562 1.20934187 0.03067839 0.60359523 0.09231621 0.7913339
1311868254.08085 -1.65416492 -0.2859769 1.15037661 0.02825002 0.59885423 0.08627698 0.79569582
1311868254.380853 -1.64187381 -0.2501957 1.0849849 0.01608335 0.57458089 0.07449404 0.81489187
1311868254.680858 -1.65187078 -0.22269981 1.00991959 -0.01866188 0.55254086 0.05845767 0.83122382
1311868254.984826 -1.64711408 -0.18754517 0.93503457 -0.03335646 0.53587268 0.063675 0.84123321
1311868255.2850132 -1.64357028 -0.16226192 0.87350174 -0.03788832 0.52235212 0.06126794 0.84968169
1311868255.585756 -1.63668274 -0.14902755 0.83061738 -0.03245229 0.51734698 0.06168922 0.85293223
1311868255.8849509 -1.60540685 -0.12672049 0.78883158 -0.03283554 0.52184506 0.05256715 0.85078567
1311868256.184808 -1.53446487 -0.10693006 0.74069567 -0.02618054 0.51900516 0.02829416 0.85390143
1311868256.4849029 -1.45867334 -0.08843671 0.69275611 -0.0078919 0.51697062 -0.00270274 0.85596249
1311868256.785171 -1.40368384 -0.07934592 0.64835882 0.01793063 0.51147513 -0.02013339 0.85887504
1311868257.08519 -1.3509245 -0.0819825 0.61285152 0.01574985 0.49389807 -0.05631097 0.86755156
1311868257.3849359 -1.30319161 -0.08989673 0.56800711 -0.00256872 0.48141073 -0.08573332 0.87228832
1311868257.684916 -1.26227624 -0.10560653 0.52165352 -0.00251695 0.4584699 -0.12154512 0.88035549
1311868257.985217 -1.23173418 -0.12339444 0.50644611 -0.00742176 0.44864973 -0.15085565 0.88085238
1311868258.285207 -1.17601636 -0.16813252 0.51810188 -0.02670815 0.4229011 -0.16244174 0.89109709
1311868258.585124 -1.11384126 -0.19916868 0.55651163 -0.00749609 0.43598491 -0.18830587 0.88000106
1311868258.885648 -1.06691698 -0.23176525 0.57771369 0.02275133 0.41660034 -0.19175218 0.88834545
1311868259.185707 -1.02519419 -0.27646418 0.59196808 0.02826902 0.41027848 -0.22472528 0.88338609
1311868259.485201 -0.97742783 -0.31622895 0.56950681 0.0334877 0.40139711 -0.2575137 0.87831977
1311868259.7850368 -0.94254921 -0.33612972 0.5393429 0.03228557 0.39927718 -0.27383506 0.87438535
1311868260.0852768 -0.92144899 -0.33380642 0.51790769 0.03775332 0.39025142 -0.27950255 0.87644557
1311868260.385901 -0.92049005 -0.32512335 0.5315217 0.02838906 0.39229378 -0.2642743 0.88060135
1311868260.6851609 -0.9235041 -0.30472204 0.56297667 0.02787175 0.38058978 -0.26907521 0.88429244
1311868260.985735 -0.93150786 -0.30469579 0.58038591 0.02058958 0.3742109 -0.26906214 0.88721352
1311868261.285209 -0.93801649 -0.29744283 0.58981313 0.02088731 0.37599664 -0.27146936 0.88571701
1311868261.586338 -0.93347375 -0.29363265 0.59297078 0.01998824 0.36836941 -0.27292545 0.88849094
1311868261.885094 -0.93294542 -0.28934711 0.59721995 0.0146377 0.3714426 -0.27325328 0.88721406
1311868262.185453 -0.93377471 -0.28798601 0.59815921 0.01459069 0.37105753 -0.27349023 0.88730294
1311868262.485168 -0.93336976 -0.28859358 0.59807894 0.01532196 0.37089105 -0.27260848 0.8876315
1311868262.785224 -0.93138624 -0.28753882 0.59783795 0.01861729 0.37152616 -0.27037871 0.88798483
1311868263.085224 -0.93344202 -0.28795404 0.59657079 0.01766652 0.3712577 -0.27023224 0.88816111
